\begin{table}[!t]

\caption{\label{tab:label_distribution_by_lang_cmp_translations_sample_econ_position}Label distribution for task of classify the stance expressed in quasi-sentences about economic issues (binary) in CMP Translations corpus data (Ivanusch \& Regel, 2024) by language.}
\centering
\fontsize{10}{12}\selectfont
\begin{tabular}[t]{lrccc}
\toprule
\multicolumn{2}{c}{ } & \multicolumn{3}{c}{Label class} \\
\cmidrule(l{3pt}r{3pt}){3-5}
Language & $N$ & left & none & right\\
\midrule
Bulgarian & 882 & 0.235 & 0.605 & 0.160\\
Czech & 879 & 0.209 & 0.620 & 0.171\\
Danish & 463 & 0.175 & 0.635 & 0.190\\
German & 635 & 0.271 & 0.502 & 0.227\\
Greek & 656 & 0.197 & 0.550 & 0.253\\
Spanish & 753 & 0.187 & 0.648 & 0.165\\
Estonian & 607 & 0.097 & 0.641 & 0.262\\
Finish & 569 & 0.251 & 0.482 & 0.267\\
French & 653 & 0.338 & 0.515 & 0.147\\
Hungarian & 613 & 0.347 & 0.447 & 0.206\\
Italian & 694 & 0.228 & 0.622 & 0.150\\
Lithuanian & 628 & 0.131 & 0.575 & 0.295\\
Dutch & 603 & 0.244 & 0.564 & 0.192\\
Norwegian & 609 & 0.176 & 0.637 & 0.187\\
Polish & 525 & 0.120 & 0.636 & 0.244\\
Portuguese & 820 & 0.167 & 0.600 & 0.233\\
Romanian & 574 & 0.179 & 0.580 & 0.240\\
Russian & 634 & 0.309 & 0.416 & 0.274\\
Slovak & 557 & 0.092 & 0.519 & 0.390\\
Slovenian & 889 & 0.246 & 0.553 & 0.200\\
Swedish & 411 & 0.100 & 0.557 & 0.343\\
Turkish & 903 & 0.195 & 0.529 & 0.276\\
Ukrainian & 480 & 0.327 & 0.388 & 0.285\\
\bottomrule
\end{tabular}
\end{table}
