\begin{table}[!t]

\caption{\label{tab:label_distribution_by_lang_cmp_translations_sample_rile}Label distribution for task of classify the stance expressed in quasi-sentence in CMP Translations corpus data (Ivanusch \& Regel, 2024) by language.}
\centering
\fontsize{10}{12}\selectfont
\begin{tabular}[t]{lrccc}
\toprule
\multicolumn{2}{c}{ } & \multicolumn{3}{c}{Label class} \\
\cmidrule(l{3pt}r{3pt}){3-5}
Language & $N$ & left & none & right\\
\midrule
Bulgarian & 2707 & 0.264 & 0.557 & 0.179\\
Czech & 2707 & 0.277 & 0.530 & 0.192\\
Danish & 2707 & 0.356 & 0.535 & 0.109\\
German & 2707 & 0.293 & 0.550 & 0.156\\
Greek & 2707 & 0.269 & 0.624 & 0.106\\
Spanish & 2707 & 0.276 & 0.636 & 0.088\\
Estonian & 2707 & 0.279 & 0.521 & 0.201\\
Finish & 2707 & 0.362 & 0.460 & 0.178\\
French & 2707 & 0.344 & 0.529 & 0.127\\
Hungarian & 2707 & 0.300 & 0.513 & 0.187\\
Italian & 2707 & 0.227 & 0.649 & 0.123\\
Lithuanian & 2707 & 0.242 & 0.524 & 0.234\\
Dutch & 2707 & 0.250 & 0.551 & 0.199\\
Norwegian & 2707 & 0.342 & 0.543 & 0.115\\
Polish & 2707 & 0.222 & 0.580 & 0.198\\
Portuguese & 2707 & 0.255 & 0.626 & 0.119\\
Romanian & 2707 & 0.250 & 0.581 & 0.168\\
Russian & 2707 & 0.248 & 0.406 & 0.346\\
Slovak & 2707 & 0.236 & 0.502 & 0.262\\
Slovenian & 2707 & 0.225 & 0.589 & 0.187\\
Swedish & 2707 & 0.353 & 0.506 & 0.141\\
Turkish & 2707 & 0.291 & 0.559 & 0.151\\
Ukrainian & 2707 & 0.238 & 0.503 & 0.260\\
\bottomrule
\end{tabular}
\end{table}
