\begin{table}[!t]

\caption{\label{tab:label_distribution_by_lang_cmp_translations_sample_topic}Label distribution for task of classify the policy topic discussed in quasi-sentence in CMP Translations corpus data (Ivanusch \& Regel, 2024) by language.}
\centering
\fontsize{10}{12}\selectfont
\begin{tabular}[t]{lrccccccc}
\toprule
\multicolumn{2}{c}{ } & \multicolumn{7}{c}{Label class} \\
\cmidrule(l{3pt}r{3pt}){3-9}
Language & $N$ & econ & exrel & fabso & fredem & polsys & socgr & welqu\\
\midrule
Bulgarian & 2707 & 0.326 & 0.110 & 0.120 & 0.042 & 0.144 & 0.065 & 0.191\\
Czech & 2707 & 0.325 & 0.074 & 0.108 & 0.074 & 0.090 & 0.063 & 0.267\\
Danish & 2707 & 0.171 & 0.070 & 0.161 & 0.029 & 0.064 & 0.089 & 0.416\\
German & 2707 & 0.235 & 0.083 & 0.123 & 0.081 & 0.088 & 0.101 & 0.290\\
Greek & 2707 & 0.242 & 0.081 & 0.090 & 0.038 & 0.144 & 0.124 & 0.280\\
Spanish & 2707 & 0.278 & 0.047 & 0.078 & 0.068 & 0.136 & 0.086 & 0.306\\
Estonian & 2707 & 0.224 & 0.101 & 0.153 & 0.035 & 0.073 & 0.071 & 0.343\\
Finish & 2707 & 0.210 & 0.070 & 0.149 & 0.037 & 0.058 & 0.099 & 0.377\\
French & 2707 & 0.241 & 0.068 & 0.105 & 0.053 & 0.129 & 0.096 & 0.308\\
Hungarian & 2707 & 0.226 & 0.048 & 0.128 & 0.072 & 0.103 & 0.078 & 0.344\\
Italian & 2707 & 0.256 & 0.072 & 0.089 & 0.057 & 0.158 & 0.078 & 0.290\\
Lithuanian & 2707 & 0.232 & 0.089 & 0.133 & 0.044 & 0.126 & 0.077 & 0.300\\
Dutch & 2707 & 0.223 & 0.072 & 0.167 & 0.066 & 0.096 & 0.072 & 0.304\\
Norwegian & 2707 & 0.225 & 0.089 & 0.117 & 0.073 & 0.058 & 0.056 & 0.382\\
Polish & 2707 & 0.194 & 0.098 & 0.134 & 0.043 & 0.192 & 0.090 & 0.249\\
Portuguese & 2707 & 0.303 & 0.054 & 0.073 & 0.066 & 0.127 & 0.089 & 0.289\\
Romanian & 2707 & 0.212 & 0.066 & 0.142 & 0.056 & 0.168 & 0.129 & 0.228\\
Russian & 2707 & 0.234 & 0.069 & 0.197 & 0.056 & 0.182 & 0.085 & 0.177\\
Slovak & 2707 & 0.206 & 0.083 & 0.157 & 0.050 & 0.091 & 0.076 & 0.336\\
Slovenian & 2707 & 0.328 & 0.079 & 0.089 & 0.065 & 0.162 & 0.096 & 0.181\\
Swedish & 2707 & 0.152 & 0.059 & 0.163 & 0.043 & 0.049 & 0.110 & 0.424\\
Turkish & 2707 & 0.334 & 0.080 & 0.096 & 0.096 & 0.058 & 0.099 & 0.236\\
Ukrainian & 2707 & 0.177 & 0.129 & 0.156 & 0.100 & 0.204 & 0.078 & 0.156\\
\bottomrule
\end{tabular}
\end{table}
